org.joda.time.Chronology#63
org.joda.time.DateTime#89,101,102,104,116,117,119,133,144,155,156,168,169,182,183,193,194,206,207,220,221,241,242,265,266,286,287,307,308,331,333,357,359,381,382,407,409,435,437,460,461,487,489,516,518,527,537,538,540,550,551,552,554,564,565,566,568,582,595,596,618,639,640,641,642,645,646,665,666,685,686,709,710,711,712,713,714,737,738,739,740,741,742,743,759,776,777,779,802,803,805,806,828,829,831,832,834,835,850,851,853,854,868,869,871,890,891,893,894,909,923,949,976,977,979,980,1006,1007,1009,1010,1032,1033,1035,1036,1067,1068,1070,1071,1098,1099,1101,1102,1125,1126,1128,1129,1152,1153,1155,1156,1178,1179,1181,1182,1197,1211,1238,1265,1266,1268,1269,1295,1296,1298,1299,1321,1322,1324,1325,1356,1357,1359,1360,1388,1389,1391,1392,1415,1416,1418,1419,1442,1443,1445,1446,1469,1470,1472,1473,1485,1486,1488,1489,1490,1492,1505,1517,1529,1540,1551,1562,1579,1595,1611,1627,1643,1665,1681,1702,1718,1734,1750,1767,1783,1799,1815,1831,1842,1851,1860,1869,1878,1887,1896,1905,1914,1923,1932,1943,1952,1961,1970,1979,1988,1997,2047,2048,2049,2050,2056,2057,2058,2064,2065,2066,2067,2076,2085,2095,2104,2121,2137,2155,2172,2189,2205,2233,2234,2235,2237,2238,2240,2262,2263,2264,2266,2267,2269,2280,2289,2299,2309,2320
org.joda.time.DateTimeField#33
org.joda.time.DateTimeFieldType#153,154,155,164,173,182,191,200,209,218,227,236,245,254,264,273,282,291,300,309,318,327,336,345,354,363,378,410,419,444,445,446,447,448,452,457,463,464,466,467,469,475,480,482,484,486,488,490,492,494,496,498,500,502,504,506,508,510,512,514,516,518,520,522,524,526,528,531,541,543,545,547,549,551,553,555,557,559,561,563,565,567,569,571,573,575,577,579,581,583,585,587,590
org.joda.time.DateTimeUtils#65,66,68,69,75,76,88,100,101,102,114,115,116,129,130,131,133,135,148,149,151,152,153,161,162,163,165,178,179,181,196,197,199,200,201,203,219,220,221,222,223,225,226,228,243,244,246,247,248,250,266,267,268,270,284,285,287,301,302,304,318,319,321,335,336,338,366,367,369,370,371,372,373,374,377,379,397,398,399,400,429,441,442,468,469,488,501,502,526,532,547,548,549,556,571,572,573,580
org.joda.time.DateTimeZone#134,135,136,137,138,139,142,143,144,146,148,149,150,152,154,155,156,158,160,162,175,176,177,179,180,182,183,184,185,205,206,208,209,211,212,213,215,216,217,218,220,221,224,238,273,274,276,277,279,280,282,283,285,287,288,289,291,293,294,295,296,297,307,308,310,311,330,331,333,334,335,339,340,341,342,344,345,347,348,352,353,354,355,356,357,358,360,361,365,377,378,380,381,384,385,386,387,388,391,392,393,402,415,429,430,431,433,434,443,444,446,447,448,451,452,454,455,457,458,459,471,474,475,477,478,479,480,482,484,486,488,489,490,491,494,495,498,511,525,526,527,529,530,539,540,542,543,554,556,557,559,560,561,562,564,566,568,569,572,583,584,586,587,588,589,590,591,592,593,594,595,596,597,598,599,600,601,602,603,604,605,606,607,608,609,610,611,612,613,614,615,616,617,618,619,620,622,628,631,634,637,640,643,656,657,658,660,661,664,665,666,668,669,670,671,672,673,676,677,678,679,680,681,684,685,686,695,696,700,714,715,716,718,719,731,754,769,770,772,773,774,776,777,778,780,794,809,810,812,813,814,816,817,818,820,838,839,841,869,907,909,910,912,915,919,920,921,922,924,925,926,927,928,929,930,931,935,949,950,952,953,955,976,977,978,979,980,982,999,1001,1003,1007,1009,1010,1011,1013,1014,1015,1017,1019,1021,1026,1032,1034,1035,1037,1051,1052,1054,1055,1057,1058,1168,1169,1172,1173,1174,1175,1190,1191,1192,1193,1194,1195,1199,1200,1201,1202,1203,1204,1208,1209,1211,1214,1256,1273,1281,1291,1307,1308,1309,1312,1313,1316,1317,1320
org.joda.time.DurationField#30,209,210,212,224,225,227
org.joda.time.DurationFieldType#94,95,96,105,114,123,132,141,151,160,169,178,187,196,205,216,234,243,259,260,261,266,267,269,270,272,278,282,284,286,288,290,292,294,296,298,300,302,304,306,308,311,321,323,325,327,329,331,333,335,337,339,341,343,345,348
org.joda.time.IllegalFieldValueException#41,44,45,46,48,50,51,53,59,60,63,74,76,77,79,80,81,84,86,108,109,110,111,112,113,114,115,116,117,129,130,131,132,133,134,135,136,137,138,150,151,152,153,154,155,156,157,158,159,171,172,173,174,175,176,177,178,179,180,189,190,191,192,193,194,195,196,197,198,207,208,209,210,211,212,213,214,215,216,225,226,227,228,229,230,231,232,233,234,243,252,261,270,279,288,289,290,292,301,310,314,323,324,325,326,328
org.joda.time.IllegalInstantException#53,54,63,64,67,68,69,80,81,83,84,86
org.joda.time.Instant#73,87,98,108,109,110,118,119,120,132,133,134,135,144,157,171,172,174,175,189,190,192,206,219,233,246,256,268,288,315,334,361
org.joda.time.JodaTimePermission#57,58
org.joda.time.LocalDate#124,136,137,139,151,152,154,168,179,207,208,210,211,212,241,242,244,246,247,248,250,267,268,281,282,295,296,308,309,322,323,335,336,338,339,340,341,342,363,364,384,385,386,387,388,389,390,391,414,415,416,417,418,419,420,421,436,437,455,456,457,458,459,460,467,468,470,471,473,486,499,501,503,505,507,524,526,528,530,532,552,553,555,556,558,570,571,573,574,577,579,590,591,593,594,596,598,610,619,632,633,635,636,637,638,641,651,652,653,655,676,677,679,680,681,682,687,706,728,729,730,731,732,733,753,776,777,778,795,815,816,817,818,819,842,865,866,867,888,889,891,892,894,895,917,939,940,942,943,944,945,946,948,964,979,980,981,982,1003,1004,1005,1006,1009,1010,1011,1014,1015,1018,1019,1021,1022,1023,1026,1041,1042,1060,1061,1063,1085,1086,1088,1089,1091,1092,1114,1115,1117,1118,1120,1121,1123,1124,1147,1148,1150,1151,1152,1153,1154,1155,1156,1159,1180,1202,1203,1205,1206,1228,1229,1231,1232,1251,1252,1254,1255,1274,1275,1277,1278,1299,1321,1322,1324,1325,1347,1348,1350,1351,1370,1371,1373,1374,1393,1394,1396,1397,1410,1411,1413,1414,1416,1426,1435,1444,1453,1462,1477,1486,1500,1509,1520,1531,1547,1562,1577,1592,1607,1628,1643,1663,1678,1693,1708,1718,1727,1736,1745,1754,1763,1772,1781,1790,1799,1808,1819,1829,1830,1832,1843,1844,1846,1894,1895,1896,1897,1903,1904,1905,1911,1912,1913,1914,1923,1932,1942,1951,1965,1980,1994,2008,2021,2040,2052,2067,2081,2091,2101,2112
org.joda.time.Partial#103,104,123,124,125,126,127,139,140,153,154,155,156,157,159,160,161,162,175,176,190,191,192,193,194,196,197,199,200,202,203,204,205,207,208,209,212,213,214,215,216,217,218,219,221,222,223,224,228,229,232,233,234,235,238,239,245,248,249,250,251,260,261,262,264,265,266,267,268,269,271,282,283,284,285,286,298,299,300,301,302,311,323,335,346,358,370,383,402,403,404,405,407,408,409,429,430,432,433,434,435,438,439,440,441,442,443,444,445,446,447,448,449,450,451,452,458,459,460,461,462,463,466,467,468,470,471,473,474,475,487,488,489,490,491,492,493,494,495,496,497,499,518,519,520,522,523,524,542,543,544,546,547,548,566,567,568,570,571,572,591,592,594,595,596,597,598,599,603,616,629,644,658,659,660,661,662,663,666,682,683,685,686,687,688,691,707,708,709,710,712,714,715,716,717,719,721,722,724,740,741,742,743,744,745,748,749,750,752,765,766,767,768,769,770,772,773,774,776,777,788,789,791,803,804,806,835,836,837,838,846,855,864,873,895,896,897,919,920,921,936,937,938,953,954,955,969,983,996
org.joda.time.base.AbstractDateTime#51,52,66,67,69,79,88,97,106,115,130,139,153,162,173,184,194,203,212,221,230,239,248,270,271,273,274,275,276,294,295,296,297,308,309,311,322,323,325
org.joda.time.base.AbstractInstant#61,62,71,89,90,92,103,104,106,124,125,127,137,146,155,165,166,167,177,191,200,210,211,212,222,235,259,260,262,263,265,266,278,296,297,300,301,304,305,307,308,310,323,333,344,345,357,367,378,379,391,401,412,413,424,436,437,439
org.joda.time.base.AbstractPartial#54,55,79,90,91,92,94,105,116,117,118,120,132,133,134,136,150,160,170,171,172,175,187,188,189,191,202,203,204,207,219,220,221,223,240,241,242,243,255,256,258,259,261,262,263,265,266,267,270,280,281,282,283,285,286,311,312,314,315,317,318,319,323,324,325,327,328,331,350,351,353,372,373,375,394,395,397,409,410,412
org.joda.time.base.BaseDateTime#61,62,73,74,86,87,97,98,110,111,124,125,126,127,146,147,148,149,150,151,168,169,170,171,172,195,197,223,225,252,253,254,256,257,270,284,295,304,317,318,329,330
org.joda.time.base.BaseLocal#48,49
org.joda.time.chrono.AssembledChronology#99,100,101,102,103,107,108,110,118,120,122,131,133,136,146,148,151,156,160,164,168,172,176,180,184,188,192,196,200,204,208,212,216,220,224,228,232,236,240,244,248,252,256,260,264,268,272,276,280,284,288,292,308,315,319,320,321,323,327,328,329,330,331,332,333,334,335,336,337,338,343,344,345,346,347,348,349,350,351,352,353,354,355,356,357,358,359,360,361,362,363,364,365,369,370,372,385,386,389,390,391,436,437,445,446,448,449,451,452,454,455,457,458,460,461,463,464,466,467,469,470,472,473,475,476,478,479,485,486,488,489,491,492,494,495,497,498,500,501,503,504,506,507,509,510,512,513,515,516,518,519,521,522,524,525,527,528,530,531,533,534,536,537,539,540,542,543,545,546,548,549,551,552,555,558,562
org.joda.time.chrono.BaseChronology#54,55,102,103,104,105,132,133,134,135,136,137,138,163,164,165,166,183,184,185,186,187,188,192,193,199,200,201,202,203,207,208,213,223,224,225,226,228,239,240,242,255,256,257,258,259,260,261,262,265,276,277,278,279,280,281,282,283,284,285,289,301,302,303,304,305,309,322,323,325,326,337,346,355,366,375,384,395,404,413,424,433,442,453,462,471,480,491,504,513,522,533,542,553,562,571,582,591,602,611,620,629,640,649,660,669
org.joda.time.chrono.BasicChronology#126,131,133,134,138,139,143,144,146,153,154,157,159,167,168,172,173,174,175,177,185,197,198,200,201,202,205,215,226,227,228,229,230,232,233,234,235,236,238,239,240,242,243,250,251,252,253,254,255,256,258,259,260,261,262,263,264,265,266,267,268,273,274,277,279,281,283,285,288,289,290,291,292,293,294,296,298,303,304,305,306,315,325,335,336,337,347,348,350,352,356,368,379,380,381,393,394,395,407,408,409,410,412,414,415,417,418,419,422,423,425,428,430,432,436,443,456,457,458,466,467,476,477,478,485,493,494,501,502,503,504,505,506,508,516,524,525,526,528,529,530,532,542,543,545,547,548,552,559,560,562,573,583,584,585,598,611,612,613,614,690,699,746,747,748,749,751,759,760,763,767,771,779,780,781,782
org.joda.time.chrono.BasicDayOfMonthDateTimeField#42,43,44,48,52,56,60,64,68,69,70,71,72,74,76,80,81,82,83,84,85,86,87,90,93,97,104
org.joda.time.chrono.BasicDayOfYearDateTimeField#42,43,44,53,57,61,65,69,70,74,75,76,78,82,83,84,85,86,89,93,94,101
org.joda.time.chrono.BasicFixedMonthChronology#59,60,65,66,67,69,71,73,77,78,79,85,86,89,90,92,93,94,96,101,107,112,117,122,127,132,137,138,143,148,153,158
org.joda.time.chrono.BasicGJChronology#75,76,88,93,120,121,123,129,134,139,140,142,148,149,152,153,156,157,158,159,161,162,166,167,168,170,175,176,177,179,180,182,184,188,190,195,196,198
org.joda.time.chrono.BasicMonthOfYearDateTimeField#52,53,54,55,56,60,73,93,94,99,104,105,113,114,115,116,118,119,120,122,123,125,127,128,137,138,139,140,145,147,152,153,154,159,161,162,165,166,167,168,170,171,172,173,174,176,177,178,182,185,189,190,192,193,194,195,198,200,207,208,210,212,213,214,216,217,218,219,221,222,224,239,244,245,248,249,250,251,253,257,259,261,263,267,272,274,277,278,281,299,301,303,304,305,307,310,316,321,322,323,325,330,335,340,345,350,351,352,357,365
org.joda.time.chrono.BasicSingleEraDateTimeField#51,52,53,57,62,67,68,73,74,76,81,86,91,96,101,106,111,116,121,126,131
org.joda.time.chrono.BasicWeekOfWeekyearDateTimeField#43,44,45,55,59,66,71,76,80,84,88,89,93,94,95,97,101,102,103,104,105,108,112,119
org.joda.time.chrono.BasicWeekyearDateTimeField#45,46,47,50,61,73,74,76,80,93,97,98,101,102,104,105,108,109,112,113,114,116,129,134,135,136,141,145,146,147,155,156,157,163,169,174,180,181,182,183,190,192,201,205,209,213,217,221,225,229,235,236,237,238,240,244,251
org.joda.time.chrono.BasicYearDateTimeField#46,47,48,51,55,59,60,62,63,64,68,72,73,76,77,79,83,85,89,90,92,96,100,104,105,107,112,116,120,124,128,129,130,132,134,138,145
org.joda.time.chrono.BuddhistChronology#86,95,106,107,110,111,112,114,116,117,118,120,121,133,134,140,141,152,162,163,165,166,168,180,181,183,184,185,187,197,208,209,210,211,213,217,219,222,223,227,228,232,233,236,237,239,241,243,246,248,251,253
org.joda.time.chrono.CopticChronology#89,98,108,119,120,123,124,125,126,127,130,131,132,134,135,136,138,140,141,144,145,146,149,151,152,161,162,168,169,170,171,184,194,195,197,198,200,209,211,214,216,218,219,223,228,233,238,243,248,249,252,253,255,256,257,259
org.joda.time.chrono.GJChronology#84,96,97,98,99,100,124,140,156,174,190,192,193,195,196,197,198,203,204,205,206,207,209,210,211,214,218,219,224,225,231,232,233,250,251,253,255,274,275,284,285,291,296,297,299,310,320,321,323,324,326,334,335,339,341,343,345,347,350,359,360,368,371,372,373,375,378,379,381,382,384,387,389,392,400,409,421,422,424,425,426,430,440,452,453,454,455,457,458,460,461,463,465,468,469,470,472,474,478,480,481,482,483,485,486,487,489,490,493,494,498,504,510,514,515,516,517,518,519,520,521,522,523,525,530,537,539,540,543,545,547,550,552,554,556,557,567,568,573,574,581,583,584,586,589,593,597,601,627,628,638,639,649,650,651,652,653,654,657,658,659,660,661,664,665,668,672,673,675,680,681,683,688,692,693,695,700,704,708,714,715,717,718,719,720,722,723,725,730,734,738,739,740,742,743,746,747,752,753,755,756,759,760,765,769,770,771,773,774,779,780,782,783,788,792,796,800,801,803,808,809,811,816,823,827,831,835,836,839,843,844,845,848,854,858,859,862,866,867,868,871,875,876,880,881,882,883,884,885,888,892,893,894,896,897,901,903,907,908,910,911,913,914,918,922,927,932,933,935,940,941,943,963,964,974,975,985,986,987,997,998,999,1000,1002,1003,1006,1007,1008,1010,1011,1012,1013,1014,1016,1017,1018,1019,1022,1026,1027,1029,1031,1035,1039,1040,1041,1043,1044,1045,1046,1047,1049,1050,1051,1052,1055,1059,1060,1062,1064,1068,1072,1073,1074,1078,1079,1081,1082,1086,1087,1092,1093,1094,1098,1099,1101,1102,1106,1107,1122,1123,1125,1130,1131,1133,1148,1149,1150,1153,1157,1161,1165
org.joda.time.chrono.GJDayOfWeekDateTimeField#46,47,48,57,68,79,91,95,104,113,123,133,140
org.joda.time.chrono.GJEraDateTimeField#47,48,49,52,61,62,64,69,81,83,84,85,86,88,93,97,98,100,105,106,108,114,119,124,128,132,136,140,144,151
org.joda.time.chrono.GJMonthOfYearDateTimeField#38,39,43,48,53,58,63
org.joda.time.chrono.GJYearOfEraDateTimeField#42,43,44,48,52,53,54,56,60,64,68,72,76,80,92,93,94,96,100,104,108,112,116,123
org.joda.time.chrono.GregorianChronology#81,90,100,111,112,115,116,117,118,119,122,123,124,126,127,128,129,131,132,135,137,138,148,149,155,156,157,158,171,181,182,184,185,187,191,192,194,197,202,203,209,211,212,213,217,221,225,229,233,237,241
org.joda.time.chrono.ISOChronology#77,86,96,97,99,100,101,102,104,105,106,107,108,110,111,112,122,123,133,143,144,146,147,149,160,161,162,163,165,169,171,173,175,177,180,191,192,194,195,196,198,208,217,225,226,227,230,234,235,240,241
org.joda.time.chrono.ISOYearOfEraDateTimeField#48,49,53,57,58,62,66,70,74,78,82,86,87,88,90,94,98,102,106,110,117
org.joda.time.chrono.JulianChronology#78,79,80,83,85,95,104,114,125,126,129,130,131,132,133,136,137,138,140,141,142,143,145,146,149,151,152,162,163,169,170,171,172,185,195,196,198,199,201,207,211,219,221,224,226,228,229,233,237,241,245,249,253,257,261,265,266,268,269,271
org.joda.time.chrono.LimitChronology#67,68,71,72,74,75,76,81,99,101,102,103,111,120,129,138,139,141,142,145,146,149,150,151,152,153,156,157,158,159,160,163,166,167,170,177,178,179,187,190,191,199,200,202,203,209,213,214,215,216,217,218,219,221,222,223,224,225,229,230,231,232,233,234,235,236,237,238,239,240,242,243,244,245,246,247,248,249,250,251,252,253,256,257,259,260,262,263,264,268,269,271,272,274,279,280,285,286,288,289,291,303,304,306,307,309,310,323,324,325,326,327,336,351,352,353,354,357,358,359,360,361,362,364,366,367,368,369,370,372,373,376,377,378,380,384,391,392,393,396,397,401,402,406,407,411,412,416,417,418,419,423,424,425,426,430,431,432,436,437,438,454,455,456,457,458,459,462,463,467,468,472,473,477,478,479,480,484,485,486,487,491,492,493,494,498,499,500,504,505,506,510,511,512,513,517,518,519,520,524,528,532,533,537,538,542,546,547,548,549,553,554,555,556,560,561,562,563,567,568,569,570,574,575,576,577,581,582,583,584,588,589,593,594,598,602
org.joda.time.chrono.ZonedChronology#55,56,58,59,60,62,63,65,71,81,82,85,89,93,94,96,97,99,100,102,109,118,128,138,139,140,141,142,144,150,154,155,156,157,158,159,160,162,163,164,165,166,170,171,172,173,174,175,176,177,178,179,180,181,183,184,185,186,187,188,189,190,191,192,193,194,197,198,200,201,203,204,205,209,210,212,213,215,220,221,234,235,237,238,240,241,253,262,281,282,283,285,286,287,288,291,295,299,303,307,311,315,316,317,321,322,323,327,328,334,335,341,342,344,345,347,351,352,354,355,357,361,366,367,368,369,370,373,378,404,405,406,408,409,410,411,412,413,414,417,421,422,426,427,431,432,436,440,444,445,446,447,449,450,451,456,457,458,459,461,462,463,468,469,470,471,473,474,475,480,481,482,483,484,485,486,487,489,494,495,496,500,501,507,508,514,518,522,523,527,528,532,536,537,538,539,541,542,543,548,549,550,551,553,554,555,560,561,565,569,570,574,578,582,586,587,591,595,599,603,607,608,610,611,613,618,619,620,621,622,627,632
org.joda.time.field.BaseDateTimeField#50,51,52,54,55,58,62,69,94,106,121,136,153,168,180,195,210,227,253,267,298,299,304,306,307,308,309,310,311,313,314,315,317,319,320,323,324,325,326,327,328,329,330,331,332,334,335,336,338,339,340,343,344,345,346,348,379,380,385,387,388,389,390,391,392,394,395,396,397,398,400,402,403,406,407,408,409,410,411,412,413,414,415,417,418,419,420,421,423,424,425,428,429,430,431,433,461,462,464,495,496,498,522,545,585,586,589,590,591,592,594,595,598,618,619,635,654,655,668,669,670,704,716,726,746,758,772,792,804,818,829,830,831,832,833,834,835,836,839,850,886,887,888,890,903,904,906,907,909,911,913,927,928,930,931,933,935,937,955,956,958,959,961,963,964,966,970,971,973,994,1003
org.joda.time.field.BaseDurationField#47,48,49,51,52,55,59,66,79,91,111,123,135,141,146,147,149,150,152,153,155,165
org.joda.time.field.DecoratedDateTimeField#55,56,57,59,60,62,63,71,75,79,83,87,91,95,99,103
org.joda.time.field.DecoratedDurationField#52,53,54,56,57,59,60,69,73,77,81,85,89,93,97,101
org.joda.time.field.DelegatedDateTimeField#54,55,64,65,75,76,77,79,80,81,82,90,94,98,102,106,110,114,118,122,126,130,134,138,142,146,150,154,158,162,166,170,174,178,182,186,190,194,198,202,206,210,211,213,217,221,225,229,233,237,241,245,249,253,257,261,265,269,273,277,281,285,289,293
org.joda.time.field.DividedDateTimeField#58,59,72,73,74,76,77,78,80,83,84,85,86,87,88,89,90,91,101,102,113,114,115,116,117,118,119,120,121,122,123,124,128,129,131,141,142,143,145,158,170,182,186,190,202,203,204,211,220,229,233,234,238,247,251,252,254
org.joda.time.field.FieldUtils#36,37,49,50,52,64,66,67,70,82,84,85,88,100,102,103,106,119,120,121,123,136,138,139,141,143,145,147,148,149,151,163,164,166,167,169,170,172,173,174,176,189,190,192,203,204,206,218,219,233,234,238,251,252,256,268,269,273,292,308,309,312,313,315,316,319,321,322,324,337,338,340,341,343
org.joda.time.field.ImpreciseDateTimeField#56,57,58,59,92,119,120,123,124,126,127,128,129,131,132,134,138,146,152,153,154,157,161,165,170,175,179,183,187,191,196
org.joda.time.field.MillisDurationField#44,45,49,53,62,71,80,85,89,93,97,101,105,109,113,117,121,125,129,134,135,137,138,140,141,143,148,149,151,155,164,171
org.joda.time.field.OffsetDateTimeField#47,48,59,60,74,76,77,80,82,83,85,87,88,90,92,101,113,114,115,127,128,129,141,153,154,158,162,166,175,184,188,192,196,200,204,208,217
org.joda.time.field.PreciseDateTimeField#58,60,61,64,65,66,67,70,71,80,81,83,96,97,100,112,113,123,132,144
org.joda.time.field.PreciseDurationDateTimeField#49,51,52,55,56,57,60,61,67,79,81,93,94,96,97,110,111,112,114,127,128,130,142,151,155,164
org.joda.time.field.PreciseDurationField#43,44,45,54,63,76,88,100,104,105,109,110,114,115,127,128,129,130,131,133,142,143,144,145
org.joda.time.field.RemainderDateTimeField#54,56,57,60,61,62,64,67,68,69,82,83,84,86,87,88,89,98,99,109,110,122,123,124,125,126,136,137,138,140,154,166,167,168,173,180,189,199,203,207,211,215,219,223,232,236,237,239
org.joda.time.field.ScaledDurationField#47,48,49,51,52,55,59,63,67,71,72,76,77,81,82,86,87,91,92,96,97,101,105,109,119,130,131,132,133,134,138,147,148,149,150,151
org.joda.time.field.SkipDateTimeField#54,55,65,66,67,68,69,70,71,73,75,76,80,81,82,84,88,89,90,91,94,96,100,104
org.joda.time.field.SkipUndoDateTimeField#53,54,64,65,66,67,68,69,70,72,74,75,79,80,81,83,87,88,89,91,95,99
org.joda.time.field.UnsupportedDateTimeField#55,56,57,59,60,61,64,65,66,68,82,83,84,86,87,88,95,99,108,117,126,135,144,153,162,171,180,189,198,207,216,225,234,243,252,261,270,279,288,297,306,315,324,333,343,352,361,370,379,388,397,406,415,424,433,442,451,460,469,478,487,496,505,514,523,533,540,544
org.joda.time.field.UnsupportedDurationField#49,50,51,53,55,56,57,59,70,71,72,79,83,92,101,110,119,128,137,146,155,164,173,182,191,200,209,218,227,238,239,240,241,242,243,245,247,256,265,272,276
org.joda.time.field.ZeroIsMaxDateTimeField#46,47,48,50,53,54,55,57,61,65,69,73,77,81,85,86,87,88,90,94,98,102,111,120,129,138,148,158,168,178,182,186,190,194,198,202
org.joda.time.tz.CachedDateTimeZone#68,69,71,84,87,88,89,95,99,103,107,111,115,119,123,127,128,130,131,133,140,141,142,143,144,145,146,148,152,153,155,156,158,159,160,162,163,164,166,177,178,180,181,182,183,186,187,188,190,192,196,197,198,200,202,206,207,208,210,212
org.joda.time.tz.DateTimeZoneBuilder#95,96,98,110,112,114,115,117,119,121,123,140,142,143,145,146,150,152,153,155,156,160,162,163,165,166,167,175,176,177,183,184,187,188,192,193,194,195,196,200,201,202,203,204,205,209,215,217,219,225,226,227,252,253,255,256,258,259,268,269,276,277,309,310,312,313,314,316,320,321,323,333,334,339,343,345,346,348,349,350,351,352,353,355,356,357,360,362,363,364,366,369,370,371,372,379,383,384,386,388,390,391,392,396,397,398,400,404,405,406,407,410,411,412,417,418,419,421,423,424,426,427,428,431,432,443,444,446,448,459,461,462,463,464,465,467,468,469,471,473,475,482,504,505,506,509,510,511,512,513,514,515,522,523,524,525,527,530,531,532,533,534,536,537,541,549,550,551,552,554,558,560,561,563,564,565,567,568,569,570,573,574,575,576,577,578,583,591,592,593,594,596,600,602,603,605,606,607,609,610,611,612,615,616,617,618,619,620,625,629,630,632,633,634,642,659,660,661,662,663,664,665,672,673,674,675,676,678,680,682,683,691,692,693,694,695,697,699,701,702,706,707,709,710,711,713,717,718,719,720,721,722,725,726,729,731,740,747,748,749,750,751,754,761,768,772,776,780,781,783,784,785,790,794,795,796,797,800,804,816,817,818,819,820,824,828,833,837,841,845,847,848,851,852,854,857,859,862,865,867,868,869,871,875,885,886,887,888,889,890,892,893,894,895,896,897,900,901,902,903,904,905,908,912,916,920,924,931,932,934,965,966,967,968,973,974,975,976,977,978,979,980,984,988,989,992,993,994,997,998,1000,1003,1004,1005,1014,1016,1021,1027,1028,1029,1032,1033,1035,1036,1037,1040,1041,1045,1046,1047,1048,1050,1052,1056,1064,1066,1069,1070,1085,1088,1089,1091,1092,1093,1094,1095,1096,1097,1101,1103,1104,1106,1108,1109,1113,1114,1118,1119,1121,1123,1127,1134,1135,1137,1144,1145,1146,1147,1157,1161,1169,1179,1180,1181,1182,1183,1186,1190,1194,1198,1202,1203,1204,1209,1211,1213,1215,1217,1218,1220,1221,1224,1226,1228,1230,1232,1233,1235,1236,1238,1244,1246,1247,1248,1253,1255,1257,1259,1261,1262,1264,1265,1268,1270,1272,1274,1276,1277,1279,1280,1282,1286,1287,1289,1290,1291,1297,1301,1302,1303,1304,1307,1308,1309,1314,1316,1318,1319,1321,1322,1325,1327,1329,1330,1332,1333,1335,1344,1345,1346,1347,1350,1351,1352,1353,1354,1356,1357,1358,1359,1362,1363,1365,1367,1368,1369,1370,1373,1374,1375,1378,1392,1393,1394,1397,1398,1399,1400,1402,1403,1404,1406,1407,1410,1411,1412,1413,1415,1420,1421,1422,1423,1424,1425,1429,1431,1432,1433,1434,1435,1436,1437,1438,1439,1446,1447,1448,1451,1452,1453,1454,1455,1460,1461,1463,1464,1467,1468,1474,1483,1503,1504,1505,1506,1507,1508,1509,1512,1513,1514,1515,1517,1518,1519,1520,1522,1524,1525,1527,1531,1532,1533,1534,1536,1537,1538,1539,1541,1543,1544,1546,1550,1551,1552,1553,1555,1556,1557,1558,1560,1562,1563,1565,1569,1573,1574,1575,1576,1577,1579,1580,1582,1583,1584,1586,1590,1591,1592,1593,1594,1596,1598,1599,1600,1601,1602,1603,1606,1608,1609,1610,1611,1614,1615,1616,1618,1622,1623,1625,1626,1627,1637,1641,1644,1645,1646,1649,1650,1651,1653,1654,1655,1656,1660,1661,1662,1665,1667,1668,1669,1670,1673,1674,1675,1676,1677,1679,1681,1686,1687,1688,1690,1693,1694,1696,1697,1698,1703,1704,1706,1707,1708,1709,1710,1714,1715,1716,1717,1724,1728
org.joda.time.tz.DefaultNameProvider#37,39,40,43,44,48,49,53,54,57,58,59,62,63,64,66,67,68,69,70,71,74,75,76,77,78,79,83,84,88,89,91,95,99
org.joda.time.tz.FixedDateTimeZone#38,39,40,41,42,45,49,53,57,61,65,69,77,78,81,84,88,89,91,92,93,98,102
org.joda.time.tz.ZoneInfoProvider#56,57,58,60,61,63,64,67,68,69,71,72,82,83,96,97,106,107,108,110,111,114,115,117,118,121,123,124,135,136,139,140,141,144,146,149,151,152,153,154,157,161,173,182,183,195,196,198,199,200,202,204,205,210,213,223,225,226,227,228,229,230,231,232,234,235,236,238,239,251,252,254,256,257,258,259,260,261,262,273,274,275,276,280,281,283,284,285,286,288
