Class,Ncf,Nuf,Ncs,Ns,Nf,Ntsc,Ndsc,Nntc,runtime,passTestRatio,failTestRatio,TotPassTestRatio,TotFailTestRatio,NTestRunPerRT,Um,Md,Nmd,Gs,DDU,Jaccard
org.joda.time.Chronology,6,16,293,3839,22,8549,90,3861,108,0.979933110367893,0.020066889632107024,0.07588707588707588,0.001554001554001554,2.7685185185185186,1.0,0.2507572942355551,0.5015145884711102,0.9949241317116965,0.4989689664753681,0.01904761904761905
org.joda.time.DateTime,2,20,338,3839,22,340,1,3861,108,0.9941176470588236,0.0058823529411764705,0.08754208754208755,0.000518000518000518,3.1481481481481484,1.0,0.2507572942355551,0.5015145884711102,0.9949241317116965,0.4989689664753681,0.005555555555555556
org.joda.time.DateTimeField,15,7,1039,3839,22,5231,263,3861,108,0.9857685009487666,0.014231499051233396,0.2691012691012691,0.003885003885003885,9.75925925925926,1.0,0.2507572942355551,0.5015145884711102,0.9949241317116965,0.4989689664753681,0.01413760603204524
org.joda.time.DateTimeFieldType,2,20,575,3839,22,577,1,3861,108,0.9965337954939342,0.0034662045060658577,0.14892514892514894,0.000518000518000518,5.342592592592593,1.0,0.2507572942355551,0.5015145884711102,0.9949241317116965,0.4989689664753681,0.0033500837520938024
org.joda.time.DateTimeUtils,18,4,2338,3839,22,24758,93,3861,108,0.9923599320882852,0.007640067911714771,0.6055426055426055,0.004662004662004662,21.814814814814813,1.0,0.2507572942355551,0.5015145884711102,0.9949241317116965,0.4989689664753681,0.007627118644067797
org.joda.time.DateTimeZone,19,3,3465,3839,22,48394,98,3861,108,0.9945464982778416,0.0054535017221584384,0.8974358974358975,0.004921004921004921,32.25925925925926,1.0,0.2507572942355551,0.5015145884711102,0.9949241317116965,0.4989689664753681,0.0054488098652136505
org.joda.time.DurationField,22,0,3477,3839,22,68776,346,3861,108,0.9937124892826522,0.006287510717347814,0.9005439005439005,0.005698005698005698,32.398148148148145,1.0,0.2507572942355551,0.5015145884711102,0.9949241317116965,0.4989689664753681,0.006287510717347814
org.joda.time.DurationFieldType,2,20,477,3839,22,528,7,3861,108,0.9958246346555324,0.0041753653444676405,0.12354312354312354,0.000518000518000518,4.435185185185185,1.0,0.2507572942355551,0.5015145884711102,0.9949241317116965,0.4989689664753681,0.004008016032064128
org.joda.time.IllegalFieldValueException,4,18,1623,3839,22,11624,56,3861,108,0.9975414874001229,0.002458512599877074,0.42035742035742035,0.001036001036001036,15.064814814814815,1.0,0.2507572942355551,0.5015145884711102,0.9949241317116965,0.4989689664753681,0.0024316109422492403
org.joda.time.IllegalInstantException,0,22,130,3839,22,2252,106,3861,108,1.0,0.0,0.03367003367003367,0.0,1.2037037037037037,1.0,0.2507572942355551,0.5015145884711102,0.9949241317116965,0.4989689664753681,0.0
org.joda.time.Instant,0,22,21,3839,22,107,12,3861,108,1.0,0.0,0.005439005439005439,0.0,0.19444444444444445,1.0,0.2507572942355551,0.5015145884711102,0.9949241317116965,0.4989689664753681,0.0
org.joda.time.JodaTimePermission,3,19,227,3839,22,988,32,3861,108,0.9869565217391304,0.013043478260869565,0.058793058793058794,0.000777000777000777,2.1296296296296298,1.0,0.2507572942355551,0.5015145884711102,0.9949241317116965,0.4989689664753681,0.012048192771084338
org.joda.time.LocalDate,0,22,0,3839,22,0,2,3861,108,0,0,0.0,0.0,0.0,1.0,0.2507572942355551,0.5015145884711102,0.9949241317116965,0.4989689664753681,0.0
org.joda.time.Partial,3,19,311,3839,22,5557,308,3861,108,0.9904458598726115,0.009554140127388535,0.08054908054908055,0.000777000777000777,2.9074074074074074,1.0,0.2507572942355551,0.5015145884711102,0.9949241317116965,0.4989689664753681,0.009009009009009009
org.joda.time.base.AbstractDateTime,1,21,168,3839,22,6643,249,3861,108,0.9940828402366864,0.005917159763313609,0.04351204351204351,0.000259000259000259,1.5648148148148149,1.0,0.2507572942355551,0.5015145884711102,0.9949241317116965,0.4989689664753681,0.005263157894736842
org.joda.time.base.AbstractInstant,15,7,1430,3839,22,3488,39,3861,108,0.9896193771626297,0.010380622837370242,0.37037037037037035,0.003885003885003885,13.37962962962963,1.0,0.2507572942355551,0.5015145884711102,0.9949241317116965,0.4989689664753681,0.010330578512396695
org.joda.time.base.AbstractPartial,18,4,1547,3839,22,4973,58,3861,108,0.9884984025559106,0.011501597444089457,0.4006734006734007,0.004662004662004662,14.49074074074074,1.0,0.2507572942355551,0.5015145884711102,0.9949241317116965,0.4989689664753681,0.011472275334608031
org.joda.time.base.BaseDateTime,4,18,1344,3839,22,7165,80,3861,108,0.9970326409495549,0.002967359050445104,0.3480963480963481,0.001036001036001036,12.481481481481481,1.0,0.2507572942355551,0.5015145884711102,0.9949241317116965,0.4989689664753681,0.0029282576866764276
org.joda.time.base.BaseLocal,15,7,1530,3839,22,16742,42,3861,108,0.9902912621359223,0.009708737864077669,0.3962703962703963,0.003885003885003885,14.305555555555555,1.0,0.2507572942355551,0.5015145884711102,0.9949241317116965,0.4989689664753681,0.009664948453608248
org.joda.time.chrono.AssembledChronology,3,19,661,3839,22,1328,2,3861,108,0.9954819277108434,0.004518072289156626,0.1711991711991712,0.000777000777000777,6.148148148148148,1.0,0.2507572942355551,0.5015145884711102,0.9949241317116965,0.4989689664753681,0.004392386530014641
org.joda.time.chrono.BaseChronology,19,3,3147,3839,22,75437,176,3861,108,0.9939987365761213,0.006001263423878711,0.815073815073815,0.004921004921004921,29.314814814814813,1.0,0.2507572942355551,0.5015145884711102,0.9949241317116965,0.4989689664753681,0.005995582202587567
org.joda.time.chrono.BasicChronology,4,18,1563,3839,22,13406,106,3861,108,0.9974473516273133,0.0025526483726866626,0.4048174048174048,0.001036001036001036,14.50925925925926,1.0,0.2507572942355551,0.5015145884711102,0.9949241317116965,0.4989689664753681,0.002523659305993691
org.joda.time.chrono.BasicDayOfMonthDateTimeField,18,4,2124,3839,22,75227,176,3861,108,0.9915966386554622,0.008403361344537815,0.5501165501165501,0.004662004662004662,19.833333333333332,1.0,0.2507572942355551,0.5015145884711102,0.9949241317116965,0.4989689664753681,0.008387698042870456
org.joda.time.chrono.BasicDayOfYearDateTimeField,16,6,1670,3839,22,5845,27,3861,108,0.9905100830367735,0.009489916963226572,0.43253043253043255,0.004144004144004144,15.61111111111111,1.0,0.2507572942355551,0.5015145884711102,0.9949241317116965,0.4989689664753681,0.009456264775413711
org.joda.time.chrono.BasicFixedMonthChronology,1,21,347,3839,22,992,22,3861,108,0.9971264367816092,0.0028735632183908046,0.08987308987308987,0.000259000259000259,3.2222222222222223,1.0,0.2507572942355551,0.5015145884711102,0.9949241317116965,0.4989689664753681,0.0027100271002710027
org.joda.time.chrono.BasicGJChronology,0,22,176,3839,22,1283,32,3861,108,1.0,0.0,0.045584045584045586,0.0,1.6296296296296295,1.0,0.2507572942355551,0.5015145884711102,0.9949241317116965,0.4989689664753681,0.0
org.joda.time.chrono.BasicMonthOfYearDateTimeField,16,6,1756,3839,22,21558,38,3861,108,0.9909706546275395,0.009029345372460496,0.4548044548044548,0.004144004144004144,16.40740740740741,1.0,0.2507572942355551,0.5015145884711102,0.9949241317116965,0.4989689664753681,0.008998875140607425
org.joda.time.chrono.BasicSingleEraDateTimeField,16,6,1791,3839,22,20643,110,3861,108,0.9911455451023796,0.008854454897620365,0.46386946386946387,0.004144004144004144,16.73148148148148,1.0,0.2507572942355551,0.5015145884711102,0.9949241317116965,0.4989689664753681,0.00882515168229454
org.joda.time.chrono.BasicWeekOfWeekyearDateTimeField,0,22,86,3839,22,300,21,3861,108,1.0,0.0,0.022274022274022275,0.0,0.7962962962962963,1.0,0.2507572942355551,0.5015145884711102,0.9949241317116965,0.4989689664753681,0.0
org.joda.time.chrono.BasicWeekyearDateTimeField,2,20,354,3839,22,979,24,3861,108,0.9943820224719101,0.0056179775280898875,0.09168609168609168,0.000518000518000518,3.2962962962962963,1.0,0.2507572942355551,0.5015145884711102,0.9949241317116965,0.4989689664753681,0.005319148936170213
org.joda.time.chrono.BasicYearDateTimeField,2,20,370,3839,22,2932,57,3861,108,0.9946236559139785,0.005376344086021506,0.09583009583009583,0.000518000518000518,3.4444444444444446,1.0,0.2507572942355551,0.5015145884711102,0.9949241317116965,0.4989689664753681,0.00510204081632653
org.joda.time.chrono.BuddhistChronology,19,3,1713,3839,22,8815,37,3861,108,0.9890300230946882,0.010969976905311778,0.44366744366744365,0.004921004921004921,16.037037037037038,1.0,0.2507572942355551,0.5015145884711102,0.9949241317116965,0.4989689664753681,0.01095100864553314
org.joda.time.chrono.CopticChronology,0,22,155,3839,22,1722,52,3861,108,1.0,0.0,0.040145040145040146,0.0,1.4351851851851851,1.0,0.2507572942355551,0.5015145884711102,0.9949241317116965,0.4989689664753681,0.0
org.joda.time.chrono.GJChronology,0,22,278,3839,22,3049,56,3861,108,1.0,0.0,0.072002072002072,0.0,2.574074074074074,1.0,0.2507572942355551,0.5015145884711102,0.9949241317116965,0.4989689664753681,0.0
org.joda.time.chrono.GJDayOfWeekDateTimeField,3,19,260,3839,22,9951,352,3861,108,0.9885931558935361,0.011406844106463879,0.06734006734006734,0.000777000777000777,2.435185185185185,1.0,0.2507572942355551,0.5015145884711102,0.9949241317116965,0.4989689664753681,0.010638297872340425
org.joda.time.chrono.GJEraDateTimeField,16,6,943,3839,22,1772,13,3861,108,0.9833159541188738,0.016684045881126174,0.24423724423724424,0.004144004144004144,8.87962962962963,1.0,0.2507572942355551,0.5015145884711102,0.9949241317116965,0.4989689664753681,0.016580310880829015
org.joda.time.chrono.GJMonthOfYearDateTimeField,2,20,308,3839,22,1099,30,3861,108,0.9935483870967742,0.0064516129032258064,0.07977207977207977,0.000518000518000518,2.8703703703703702,1.0,0.2507572942355551,0.5015145884711102,0.9949241317116965,0.4989689664753681,0.006060606060606061
org.joda.time.chrono.GJYearOfEraDateTimeField,6,16,193,3839,22,394,7,3861,108,0.9698492462311558,0.03015075376884422,0.04998704998704999,0.001554001554001554,1.8425925925925926,1.0,0.2507572942355551,0.5015145884711102,0.9949241317116965,0.4989689664753681,0.027906976744186046
org.joda.time.chrono.GregorianChronology,2,20,302,3839,22,1169,24,3861,108,0.993421052631579,0.006578947368421052,0.07821807821807822,0.000518000518000518,2.814814814814815,1.0,0.2507572942355551,0.5015145884711102,0.9949241317116965,0.4989689664753681,0.006172839506172839
org.joda.time.chrono.ISOChronology,19,3,1831,3839,22,14335,51,3861,108,0.9897297297297297,0.01027027027027027,0.47422947422947426,0.004921004921004921,17.12962962962963,1.0,0.2507572942355551,0.5015145884711102,0.9949241317116965,0.4989689664753681,0.01025364274150027
org.joda.time.chrono.ISOYearOfEraDateTimeField,17,5,2776,3839,22,21428,51,3861,108,0.9939133548156105,0.006086645184389545,0.7189847189847189,0.004403004403004403,25.86111111111111,1.0,0.2507572942355551,0.5015145884711102,0.9949241317116965,0.4989689664753681,0.006075768406004289
org.joda.time.chrono.JulianChronology,1,21,134,3839,22,609,21,3861,108,0.9925925925925926,0.007407407407407408,0.03470603470603471,0.000259000259000259,1.25,1.0,0.2507572942355551,0.5015145884711102,0.9949241317116965,0.4989689664753681,0.00641025641025641
org.joda.time.chrono.LimitChronology,2,20,300,3839,22,4436,60,3861,108,0.9933774834437086,0.006622516556291391,0.0777000777000777,0.000518000518000518,2.7962962962962963,1.0,0.2507572942355551,0.5015145884711102,0.9949241317116965,0.4989689664753681,0.006211180124223602
org.joda.time.chrono.ZonedChronology,0,22,323,3839,22,7481,236,3861,108,1.0,0.0,0.08365708365708366,0.0,2.990740740740741,1.0,0.2507572942355551,0.5015145884711102,0.9949241317116965,0.4989689664753681,0.0
org.joda.time.field.BaseDateTimeField,17,5,2387,3839,22,32826,232,3861,108,0.992928452579035,0.007071547420965058,0.6182336182336182,0.004403004403004403,22.25925925925926,1.0,0.2507572942355551,0.5015145884711102,0.9949241317116965,0.4989689664753681,0.007056870070568701
org.joda.time.field.BaseDurationField,18,4,1933,3839,22,10778,171,3861,108,0.990773962070733,0.009226037929267043,0.5006475006475006,0.004662004662004662,18.064814814814813,1.0,0.2507572942355551,0.5015145884711102,0.9949241317116965,0.4989689664753681,0.009207161125319692
org.joda.time.field.DecoratedDateTimeField,3,19,1117,3839,22,5376,22,3861,108,0.9973214285714286,0.0026785714285714286,0.2893032893032893,0.000777000777000777,10.37037037037037,1.0,0.2507572942355551,0.5015145884711102,0.9949241317116965,0.4989689664753681,0.0026338893766461808
org.joda.time.field.DecoratedDurationField,2,20,674,3839,22,2621,16,3861,108,0.9970414201183432,0.0029585798816568047,0.17456617456617457,0.000518000518000518,6.2592592592592595,1.0,0.2507572942355551,0.5015145884711102,0.9949241317116965,0.4989689664753681,0.0028735632183908046
org.joda.time.field.DelegatedDateTimeField,2,20,453,3839,22,1497,16,3861,108,0.9956043956043956,0.004395604395604396,0.11732711732711733,0.000518000518000518,4.212962962962963,1.0,0.2507572942355551,0.5015145884711102,0.9949241317116965,0.4989689664753681,0.004210526315789474
org.joda.time.field.DividedDateTimeField,1,21,312,3839,22,2370,64,3861,108,0.9968051118210862,0.003194888178913738,0.08080808080808081,0.000259000259000259,2.8981481481481484,1.0,0.2507572942355551,0.5015145884711102,0.9949241317116965,0.4989689664753681,0.0029940119760479044
org.joda.time.field.FieldUtils,2,20,312,3839,22,3657,57,3861,108,0.9936305732484076,0.006369426751592357,0.08080808080808081,0.000518000518000518,2.9074074074074074,1.0,0.2507572942355551,0.5015145884711102,0.9949241317116965,0.4989689664753681,0.005988023952095809
org.joda.time.field.ImpreciseDateTimeField,17,5,2178,3839,22,14598,74,3861,108,0.992255125284738,0.007744874715261959,0.5641025641025641,0.004403004403004403,20.324074074074073,1.0,0.2507572942355551,0.5015145884711102,0.9949241317116965,0.4989689664753681,0.007727272727272728
org.joda.time.field.MillisDurationField,3,19,803,3839,22,2600,31,3861,108,0.9962779156327544,0.0037220843672456576,0.20797720797720798,0.000777000777000777,7.462962962962963,1.0,0.2507572942355551,0.5015145884711102,0.9949241317116965,0.4989689664753681,0.0036363636363636364
org.joda.time.field.OffsetDateTimeField,16,6,1139,3839,22,2808,32,3861,108,0.9861471861471861,0.013852813852813853,0.295001295001295,0.004144004144004144,10.694444444444445,1.0,0.2507572942355551,0.5015145884711102,0.9949241317116965,0.4989689664753681,0.013781223083548665
org.joda.time.field.PreciseDateTimeField,1,21,333,3839,22,3270,37,3861,108,0.9970059880239521,0.0029940119760479044,0.08624708624708624,0.000259000259000259,3.0925925925925926,1.0,0.2507572942355551,0.5015145884711102,0.9949241317116965,0.4989689664753681,0.0028169014084507044
org.joda.time.field.PreciseDurationDateTimeField,17,5,1859,3839,22,8761,20,3861,108,0.9909381663113006,0.00906183368869936,0.48148148148148145,0.004403004403004403,17.37037037037037,1.0,0.2507572942355551,0.5015145884711102,0.9949241317116965,0.4989689664753681,0.009037745879851143
org.joda.time.field.PreciseDurationField,18,4,2122,3839,22,10535,26,3861,108,0.991588785046729,0.008411214953271028,0.5495985495985496,0.004662004662004662,19.814814814814813,1.0,0.2507572942355551,0.5015145884711102,0.9949241317116965,0.4989689664753681,0.008395522388059701
org.joda.time.field.RemainderDateTimeField,15,7,1514,3839,22,4929,24,3861,108,0.9901896664486592,0.009810333551340745,0.3921263921263921,0.003885003885003885,14.157407407407407,1.0,0.2507572942355551,0.5015145884711102,0.9949241317116965,0.4989689664753681,0.009765625
org.joda.time.field.ScaledDurationField,2,20,309,3839,22,3464,48,3861,108,0.9935691318327974,0.006430868167202572,0.08003108003108003,0.000518000518000518,2.8796296296296298,1.0,0.2507572942355551,0.5015145884711102,0.9949241317116965,0.4989689664753681,0.006042296072507553
org.joda.time.field.SkipDateTimeField,1,21,316,3839,22,2330,36,3861,108,0.9968454258675079,0.0031545741324921135,0.08184408184408185,0.000259000259000259,2.935185185185185,1.0,0.2507572942355551,0.5015145884711102,0.9949241317116965,0.4989689664753681,0.0029585798816568047
org.joda.time.field.SkipUndoDateTimeField,1,21,286,3839,22,1620,24,3861,108,0.9965156794425087,0.003484320557491289,0.07407407407407407,0.000259000259000259,2.6574074074074074,1.0,0.2507572942355551,0.5015145884711102,0.9949241317116965,0.4989689664753681,0.003246753246753247
org.joda.time.field.UnsupportedDateTimeField,0,22,113,3839,22,775,22,3861,108,1.0,0.0,0.029267029267029267,0.0,1.0462962962962963,1.0,0.2507572942355551,0.5015145884711102,0.9949241317116965,0.4989689664753681,0.0
org.joda.time.field.UnsupportedDurationField,0,22,13,3839,22,206,68,3861,108,1.0,0.0,0.003367003367003367,0.0,0.12037037037037036,1.0,0.2507572942355551,0.5015145884711102,0.9949241317116965,0.4989689664753681,0.0
org.joda.time.field.ZeroIsMaxDateTimeField,3,19,353,3839,22,2800,41,3861,108,0.9915730337078652,0.008426966292134831,0.09142709142709143,0.000777000777000777,3.2962962962962963,1.0,0.2507572942355551,0.5015145884711102,0.9949241317116965,0.4989689664753681,0.008
org.joda.time.tz.CachedDateTimeZone,1,21,278,3839,22,673,36,3861,108,0.996415770609319,0.0035842293906810036,0.072002072002072,0.000259000259000259,2.5833333333333335,1.0,0.2507572942355551,0.5015145884711102,0.9949241317116965,0.4989689664753681,0.0033333333333333335
org.joda.time.tz.DateTimeZoneBuilder,17,5,1559,3839,22,22460,60,3861,108,0.9892131979695431,0.010786802030456852,0.40378140378140376,0.004403004403004403,14.592592592592593,1.0,0.2507572942355551,0.5015145884711102,0.9949241317116965,0.4989689664753681,0.010752688172043012
org.joda.time.tz.DefaultNameProvider,17,5,947,3839,22,62097,690,3861,108,0.9823651452282157,0.017634854771784232,0.24527324527324526,0.004403004403004403,8.925925925925926,1.0,0.2507572942355551,0.5015145884711102,0.9949241317116965,0.4989689664753681,0.017543859649122806
org.joda.time.tz.FixedDateTimeZone,8,14,135,3839,22,867,34,3861,108,0.9440559440559441,0.055944055944055944,0.03496503496503497,0.002072002072002072,1.3240740740740742,1.0,0.2507572942355551,0.5015145884711102,0.9949241317116965,0.4989689664753681,0.050955414012738856
org.joda.time.tz.ZoneInfoProvider,5,17,964,3839,22,2764,23,3861,108,0.9948400412796697,0.005159958720330237,0.24967624967624968,0.001295001295001295,8.972222222222221,1.0,0.2507572942355551,0.5015145884711102,0.9949241317116965,0.4989689664753681,0.005070993914807302
