Class,Ncf,Nuf,Ncs,Ns,Nf,Ntsc,Ndsc,Nntc,runtime,passTestRatio,failTestRatio,TotPassTestRatio,TotFailTestRatio,NTestRunPerRT,Um,Md,Nmd,Gs,DDU,Jaccard
org.joda.time.Chronology,6,16,293,3801,22,8549,90,3823,88,0.979933110367893,0.020066889632107024,0.07664138111430814,0.0015694480774261052,3.397727272727273,1.0,0.2847573766624097,0.5695147533248194,0.9900448317921506,0.5638451381586189,0.01904761904761905
org.joda.time.DateTimeField,2,20,338,3801,22,340,1,3823,88,0.9941176470588236,0.0058823529411764705,0.08841224169500392,0.000523149359142035,3.8636363636363638,1.0,0.2847573766624097,0.5695147533248194,0.9900448317921506,0.5638451381586189,0.005555555555555556
org.joda.time.DateTimeFieldType,2,20,575,3801,22,577,1,3823,88,0.9965337954939342,0.0034662045060658577,0.1504054407533351,0.000523149359142035,6.556818181818182,1.0,0.2847573766624097,0.5695147533248194,0.9900448317921506,0.5638451381586189,0.0033500837520938024
org.joda.time.DateTimeUtils,18,4,2339,3801,22,24764,93,3823,88,0.9923631735256683,0.007636826474331778,0.61182317551661,0.004708344232278315,26.78409090909091,1.0,0.2847573766624097,0.5695147533248194,0.9900448317921506,0.5638451381586189,0.007623888182973317
org.joda.time.DateTimeZone,19,3,3465,3801,22,48397,98,3823,88,0.9945464982778416,0.0054535017221584384,0.9063562647135758,0.004969918911849333,39.59090909090909,1.0,0.2847573766624097,0.5695147533248194,0.9900448317921506,0.5638451381586189,0.0054488098652136505
org.joda.time.DurationField,22,0,3478,3801,22,68776,346,3823,88,0.9937142857142857,0.006285714285714286,0.909756735547999,0.005754642950562386,39.77272727272727,1.0,0.2847573766624097,0.5695147533248194,0.9900448317921506,0.5638451381586189,0.006285714285714286
org.joda.time.DurationFieldType,2,20,477,3801,22,528,7,3823,88,0.9958246346555324,0.0041753653444676405,0.12477112215537536,0.000523149359142035,5.443181818181818,1.0,0.2847573766624097,0.5695147533248194,0.9900448317921506,0.5638451381586189,0.004008016032064128
org.joda.time.IllegalFieldValueException,4,18,1624,3801,22,11630,56,3823,88,0.9975429975429976,0.002457002457002457,0.42479727962333247,0.00104629871828407,18.5,1.0,0.2847573766624097,0.5695147533248194,0.9900448317921506,0.5638451381586189,0.002430133657351154
org.joda.time.IllegalInstantException,0,22,130,3801,22,2252,106,3823,88,1.0,0.0,0.034004708344232276,0.0,1.4772727272727273,1.0,0.2847573766624097,0.5695147533248194,0.9900448317921506,0.5638451381586189,0.0
org.joda.time.JodaTimePermission,0,22,21,3801,22,107,12,3823,88,1.0,0.0,0.005493068270991368,0.0,0.23863636363636365,1.0,0.2847573766624097,0.5695147533248194,0.9900448317921506,0.5638451381586189,0.0
org.joda.time.Partial,0,22,0,3801,22,0,2,3823,88,0,0,0.0,0.0,0.0,1.0,0.2847573766624097,0.5695147533248194,0.9900448317921506,0.5638451381586189,0.0
org.joda.time.base.AbstractPartial,1,21,169,3801,22,6672,251,3823,88,0.9941176470588236,0.0058823529411764705,0.04420612084750196,0.0002615746795710175,1.9318181818181819,1.0,0.2847573766624097,0.5695147533248194,0.9900448317921506,0.5638451381586189,0.005235602094240838
org.joda.time.chrono.AssembledChronology,4,18,1345,3801,22,7169,80,3823,88,0.9970348406226834,0.0029651593773165306,0.3518179440230186,0.00104629871828407,15.329545454545455,1.0,0.2847573766624097,0.5695147533248194,0.9900448317921506,0.5638451381586189,0.002926115581565472
org.joda.time.chrono.BaseChronology,19,3,3148,3801,22,75446,176,3823,88,0.9940006315124724,0.005999368487527629,0.8234370912895632,0.004969918911849333,35.98863636363637,1.0,0.2847573766624097,0.5695147533248194,0.9900448317921506,0.5638451381586189,0.005993690851735016
org.joda.time.chrono.BasicChronology,4,18,1564,3801,22,13418,106,3823,88,0.9974489795918368,0.002551020408163265,0.4091027988490714,0.00104629871828407,17.818181818181817,1.0,0.2847573766624097,0.5695147533248194,0.9900448317921506,0.5638451381586189,0.0025220680958385876
org.joda.time.chrono.BasicDayOfMonthDateTimeField,18,4,2124,3801,22,75225,176,3823,88,0.9915966386554622,0.008403361344537815,0.5555846194088412,0.004708344232278315,24.34090909090909,1.0,0.2847573766624097,0.5695147533248194,0.9900448317921506,0.5638451381586189,0.008387698042870456
org.joda.time.chrono.BasicDayOfYearDateTimeField,16,6,1670,3801,22,5845,27,3823,88,0.9905100830367735,0.009489916963226572,0.4368297148835993,0.00418519487313628,19.15909090909091,1.0,0.2847573766624097,0.5695147533248194,0.9900448317921506,0.5638451381586189,0.009456264775413711
org.joda.time.chrono.BasicGJChronology,1,21,347,3801,22,992,22,3823,88,0.9971264367816092,0.0028735632183908046,0.09076641381114309,0.0002615746795710175,3.9545454545454546,1.0,0.2847573766624097,0.5695147533248194,0.9900448317921506,0.5638451381586189,0.0027100271002710027
org.joda.time.chrono.BasicMonthOfYearDateTimeField,16,6,1756,3801,22,21558,38,3823,88,0.9909706546275395,0.009029345372460496,0.45932513732670677,0.00418519487313628,20.136363636363637,1.0,0.2847573766624097,0.5695147533248194,0.9900448317921506,0.5638451381586189,0.008998875140607425
org.joda.time.chrono.BasicWeekOfWeekyearDateTimeField,17,5,1791,3801,22,20645,110,3823,88,0.9905973451327433,0.009402654867256638,0.4684802511116924,0.004446769552707298,20.545454545454547,1.0,0.2847573766624097,0.5695147533248194,0.9900448317921506,0.5638451381586189,0.009376723662437948
org.joda.time.chrono.BasicWeekyearDateTimeField,2,20,354,3801,22,979,24,3823,88,0.9943820224719101,0.0056179775280898875,0.0925974365681402,0.000523149359142035,4.045454545454546,1.0,0.2847573766624097,0.5695147533248194,0.9900448317921506,0.5638451381586189,0.005319148936170213
org.joda.time.chrono.BasicYearDateTimeField,2,20,370,3801,22,2932,57,3823,88,0.9946236559139785,0.005376344086021506,0.09678263144127648,0.000523149359142035,4.2272727272727275,1.0,0.2847573766624097,0.5695147533248194,0.9900448317921506,0.5638451381586189,0.00510204081632653
org.joda.time.chrono.GJDayOfWeekDateTimeField,19,3,1714,3801,22,8817,37,3823,88,0.9890363531448355,0.010963646855164455,0.44833900078472405,0.004969918911849333,19.693181818181817,1.0,0.2847573766624097,0.5695147533248194,0.9900448317921506,0.5638451381586189,0.010944700460829493
org.joda.time.chrono.GJEraDateTimeField,16,6,943,3801,22,1772,13,3823,88,0.9833159541188738,0.016684045881126174,0.24666492283546954,0.00418519487313628,10.897727272727273,1.0,0.2847573766624097,0.5695147533248194,0.9900448317921506,0.5638451381586189,0.016580310880829015
org.joda.time.chrono.GJMonthOfYearDateTimeField,3,19,309,3801,22,1103,30,3823,88,0.9903846153846154,0.009615384615384616,0.08082657598744442,0.0007847240387130526,3.5454545454545454,1.0,0.2847573766624097,0.5695147533248194,0.9900448317921506,0.5638451381586189,0.00906344410876133
org.joda.time.chrono.GJYearOfEraDateTimeField,6,16,193,3801,22,394,7,3823,88,0.9698492462311558,0.03015075376884422,0.050483913157206385,0.0015694480774261052,2.2613636363636362,1.0,0.2847573766624097,0.5695147533248194,0.9900448317921506,0.5638451381586189,0.027906976744186046
org.joda.time.chrono.GregorianChronology,2,20,302,3801,22,1169,24,3823,88,0.993421052631579,0.006578947368421052,0.0789955532304473,0.000523149359142035,3.4545454545454546,1.0,0.2847573766624097,0.5695147533248194,0.9900448317921506,0.5638451381586189,0.006172839506172839
org.joda.time.chrono.ISOChronology,19,3,1832,3801,22,14337,51,3823,88,0.9897352782279849,0.010264721772015126,0.4792048129741041,0.004969918911849333,21.03409090909091,1.0,0.2847573766624097,0.5695147533248194,0.9900448317921506,0.5638451381586189,0.010248112189859764
org.joda.time.chrono.ISOYearOfEraDateTimeField,17,5,2777,3801,22,21446,51,3823,88,0.993915533285612,0.006084466714387974,0.7263928851687157,0.004446769552707298,31.75,1.0,0.2847573766624097,0.5695147533248194,0.9900448317921506,0.5638451381586189,0.006073597713469096
org.joda.time.chrono.ZonedChronology,1,21,134,3801,22,609,21,3823,88,0.9925925925925926,0.007407407407407408,0.03505100706251635,0.0002615746795710175,1.5340909090909092,1.0,0.2847573766624097,0.5695147533248194,0.9900448317921506,0.5638451381586189,0.00641025641025641
org.joda.time.field.BaseDateTimeField,17,5,2388,3801,22,32827,232,3823,88,0.992931392931393,0.007068607068607069,0.6246403348155899,0.004446769552707298,27.329545454545453,1.0,0.2847573766624097,0.5695147533248194,0.9900448317921506,0.5638451381586189,0.007053941908713693
org.joda.time.field.BaseDurationField,18,4,1934,3801,22,10782,171,3823,88,0.9907786885245902,0.009221311475409836,0.5058854302903479,0.004708344232278315,22.181818181818183,1.0,0.2847573766624097,0.5695147533248194,0.9900448317921506,0.5638451381586189,0.009202453987730062
org.joda.time.field.DecoratedDateTimeField,4,18,1119,3801,22,5284,22,3823,88,0.9964381121994658,0.003561887800534283,0.2927020664399686,0.00104629871828407,12.761363636363637,1.0,0.2847573766624097,0.5695147533248194,0.9900448317921506,0.5638451381586189,0.0035056967572304996
org.joda.time.field.DecoratedDurationField,2,20,674,3801,22,2621,16,3823,88,0.9970414201183432,0.0029585798816568047,0.17630133403086581,0.000523149359142035,7.681818181818182,1.0,0.2847573766624097,0.5695147533248194,0.9900448317921506,0.5638451381586189,0.0028735632183908046
org.joda.time.field.DividedDateTimeField,2,20,453,3801,22,1497,16,3823,88,0.9956043956043956,0.004395604395604396,0.11849332984567094,0.000523149359142035,5.170454545454546,1.0,0.2847573766624097,0.5695147533248194,0.9900448317921506,0.5638451381586189,0.004210526315789474
org.joda.time.field.ImpreciseDateTimeField,2,20,312,3801,22,3657,57,3823,88,0.9936305732484076,0.006369426751592357,0.08161130002615746,0.000523149359142035,3.5681818181818183,1.0,0.2847573766624097,0.5695147533248194,0.9900448317921506,0.5638451381586189,0.005988023952095809
org.joda.time.field.MillisDurationField,4,18,803,3801,22,2601,31,3823,88,0.9950433705080545,0.004956629491945477,0.21004446769552707,0.00104629871828407,9.170454545454545,1.0,0.2847573766624097,0.5695147533248194,0.9900448317921506,0.5638451381586189,0.0048484848484848485
org.joda.time.field.OffsetDateTimeField,16,6,1139,3801,22,2780,32,3823,88,0.9861471861471861,0.013852813852813853,0.297933560031389,0.00418519487313628,13.125,1.0,0.2847573766624097,0.5695147533248194,0.9900448317921506,0.5638451381586189,0.013781223083548665
org.joda.time.field.PreciseDateTimeField,1,21,333,3801,22,3270,37,3823,88,0.9970059880239521,0.0029940119760479044,0.08710436829714883,0.0002615746795710175,3.7954545454545454,1.0,0.2847573766624097,0.5695147533248194,0.9900448317921506,0.5638451381586189,0.0028169014084507044
org.joda.time.field.PreciseDurationDateTimeField,17,5,1859,3801,22,8761,20,3823,88,0.9909381663113006,0.00906183368869936,0.4862673293225216,0.004446769552707298,21.318181818181817,1.0,0.2847573766624097,0.5695147533248194,0.9900448317921506,0.5638451381586189,0.009037745879851143
org.joda.time.field.PreciseDurationField,18,4,2122,3801,22,10535,26,3823,88,0.991588785046729,0.008411214953271028,0.5550614700496992,0.004708344232278315,24.318181818181817,1.0,0.2847573766624097,0.5695147533248194,0.9900448317921506,0.5638451381586189,0.008395522388059701
org.joda.time.field.RemainderDateTimeField,16,6,1514,3801,22,4930,24,3823,88,0.9895424836601308,0.01045751633986928,0.39602406487052055,0.00418519487313628,17.386363636363637,1.0,0.2847573766624097,0.5695147533248194,0.9900448317921506,0.5638451381586189,0.010416666666666666
org.joda.time.field.ScaledDurationField,2,20,309,3801,22,3464,48,3823,88,0.9935691318327974,0.006430868167202572,0.08082657598744442,0.000523149359142035,3.534090909090909,1.0,0.2847573766624097,0.5695147533248194,0.9900448317921506,0.5638451381586189,0.006042296072507553
org.joda.time.field.UnsupportedDateTimeField,1,21,316,3801,22,2330,36,3823,88,0.9968454258675079,0.0031545741324921135,0.08265759874444153,0.0002615746795710175,3.602272727272727,1.0,0.2847573766624097,0.5695147533248194,0.9900448317921506,0.5638451381586189,0.0029585798816568047
org.joda.time.field.UnsupportedDurationField,0,22,13,3801,22,206,68,3823,88,1.0,0.0,0.0034004708344232276,0.0,0.14772727272727273,1.0,0.2847573766624097,0.5695147533248194,0.9900448317921506,0.5638451381586189,0.0
org.joda.time.field.ZeroIsMaxDateTimeField,3,19,354,3801,22,2811,43,3823,88,0.9915966386554622,0.008403361344537815,0.0925974365681402,0.0007847240387130526,4.056818181818182,1.0,0.2847573766624097,0.5695147533248194,0.9900448317921506,0.5638451381586189,0.007978723404255319
org.joda.time.tz.CachedDateTimeZone,1,21,278,3801,22,673,36,3823,88,0.996415770609319,0.0035842293906810036,0.07271776092074288,0.0002615746795710175,3.1704545454545454,1.0,0.2847573766624097,0.5695147533248194,0.9900448317921506,0.5638451381586189,0.0033333333333333335
org.joda.time.tz.DateTimeZoneBuilder,17,5,1558,3801,22,22453,60,3823,88,0.9892063492063492,0.010793650793650795,0.4075333507716453,0.004446769552707298,17.897727272727273,1.0,0.2847573766624097,0.5695147533248194,0.9900448317921506,0.5638451381586189,0.010759493670886076
org.joda.time.tz.DefaultNameProvider,17,5,947,3801,22,62097,690,3823,88,0.9823651452282157,0.017634854771784232,0.2477112215537536,0.004446769552707298,10.954545454545455,1.0,0.2847573766624097,0.5695147533248194,0.9900448317921506,0.5638451381586189,0.017543859649122806
org.joda.time.tz.FixedDateTimeZone,8,14,135,3801,22,867,34,3823,88,0.9440559440559441,0.055944055944055944,0.035312581742087366,0.00209259743656814,1.625,1.0,0.2847573766624097,0.5695147533248194,0.9900448317921506,0.5638451381586189,0.050955414012738856
org.joda.time.tz.ZoneInfoProvider,5,17,965,3801,22,2766,23,3823,88,0.9948453608247423,0.005154639175257732,0.2524195657860319,0.0013078733978550876,11.022727272727273,1.0,0.2847573766624097,0.5695147533248194,0.9900448317921506,0.5638451381586189,0.005065856129685917
